place(-1.080, 1.037, -35.316, "Electroshocker", 650)
upgrade(-1.080, 2.387, -35.316, 275)
place(4.041, 1.037, -35.538, "Electroshocker", 650)
upgrade(4.041, 2.387, -35.538, 275)
upgrade(4.041, 2.387, -35.538, 950)
upgrade(-1.080, 2.387, -35.316, 950)
place(7.089, 1.037, -35.430, "Electroshocker", 650)
upgrade(7.089, 2.387, -35.430, 275)
upgrade(7.089, 2.387, -35.430, 950)
place(-0.917, 1.037, -32.190, "Electroshocker", 650)
upgrade(-0.917, 2.387, -32.190, 275)
upgrade(-0.917, 2.387, -32.190, 950)
place(4.328, 1.037, -32.531, "Trapper", 500)
upgrade(4.328, 2.387, -32.531, 500)
place(7.387, 1.037, -32.361, "Trapper", 500)
upgrade(7.387, 2.387, -32.361, 500)
place(-0.311, 1.037, -29.248, "Trapper", 500)
upgrade(-0.311, 2.387, -29.248, 500)
place(-3.338, 1.037, -28.714, "Trapper", 500)
upgrade(-3.338, 2.387, -28.714, 500)
place(0.311, 1.037, -26.252, "Trapper", 500)
upgrade(0.311, 2.387, -26.252, 500)
upgrade(4.328, 2.387, -32.531, 1500)
place(3.411, 1.037, -25.664, "Trapper", 500)
upgrade(3.411, 2.387, -25.664, 500)
place(8.550, 1.037, -29.486, "Trapper", 500)
upgrade(8.550, 2.387, -29.486, 500)
upgrade(7.387, 2.387, -32.361, 1500)
upgrade(-0.311, 2.387, -29.248, 1500)
sell(3.411, 2.387, -25.664)
sell(0.311, 2.387, -26.252)
sell(-3.338, 2.387, -28.714)
sell(-0.311, 2.387, -29.248)
sell(8.550, 2.387, -29.486)
sell(7.387, 2.387, -32.361)
sell(4.328, 2.387, -32.531)
sell(-0.917, 2.387, -32.190)
sell(-1.080, 2.387, -35.316)
sell(4.041, 2.387, -35.538)
sell(7.089, 2.387, -35.430)
